院校名称,专业,2020投档计划数,2020最低分,2020投档最低位次,2021投档计划数,2021最低分,2021投档最低位次,2022投档计划数,2022最低分,2022投档最低位次,特点,一流大学与一流学科,院校性质,平均最低投档线
中国科学院大学,材料科学与工程,2,682,368,2,669,384,2,664,352,none,一流学科,公办,368
北京理工大学,理科试验班(理学与材料菁英班),15,671,1190,none,none,none,4,646,1635,"985,211",一流大学,公办,1413
华侨大学,大学材料成型及控制工程(启明本硕博实验班),2,668,1491,none,none,none,none,none,none,"全国重点,省重点",none,公办,1491
同济大学,工科试验班(智能化制造与先进材料类),6,669,1359,10,650,1688,10,644,1938,"985,211",一流大学,公办,1662
哈尔滨工业大学,工科试验班(智能装备与先进材料本硕博连读),none,none,none,2,647,1988,none,none,none,"C9,985,211",一流大学,公办,1988
哈尔滨工业大学,工科试验班(资源环境与新材料化工本硕博连读),none,none,none,1,646,2148,none,none,none,"C9,985,211",一流大学,公办,2148
华侨大学,大学材料成型及控制工程(材料卓越计划实验班),2,659,2845,none,none,none,none,none,none,"全国重点,省重点",none,公办,2845
华中科技大学,材料类,none,none,none,13,638,3370,12,632,3946,"985,211",一流大学,公办,3658
哈尔滨工业大学,工科试验班(智能装备与先进材料),none,none,none,24,636,3893,none,none,none,"C9,985,211",一流大学,公办,3893
东南大学成贤学院,班(机械能源材料类),27,653,3989,none,none,none,none,none,none,none,none,民办,3989
厦门大学,化学类(含化学化工材料类),7,655,3517,6,635,4044,18,628,4893,"985,211",一流大学,公办,4151
东南大学,工科试验班(土木交通材料实验班),27,654,3756,none,none,none,30,628,4787,"985,211",一流大学,公办,4272
东南大学,工科试验班(先进机械能源材料类),none,none,none,27,632,4623,none,none,none,"985,211",一流大学,公办,4623
西北工业大学,材料类(本研衔接班),none,none,none,2,629,5412,2,630,4352,"985,211",一流大学,公办,4882
厦门大学,材料类,6,647,5268,6,627,5893,none,none,none,"985,211",一流大学,公办,5581
华南理工大学,材料类,none,none,none,2,628,5769,3,625,5572,"985,211",一流大学,公办,5671
四川大学,材料类,13,642,6512,none,none,none,none,none,none,"985,211",一流大学,公办,6512
四川大学,工科试验班(先进低碳材料),none,none,none,none,none,none,3,621,6717,"985,211",一流大学,公办,6717
四川大学,高分子材料与工程,12,643,6365,12,623,7230,9,618,7618,"985,211",一流大学,公办,7071
西北工业大学,材料类(新材料与化工试验班),22,640,7079,15,621,7872,15,619,7439,"985,211",一流大学,公办,7463
四川大学,材料类(新能源与纳米材料),none,none,none,10,622,7405,12,616,8295,"985,211",一流大学,公办,7850
山东大学,材料类,65,631,10026,65,612,11225,40,608,11724,"985,211",一流大学,公办,10992
大连理工大学,材料类,8,631,10081,8,608,12672,none,none,none,"985,211",一流大学,公办,11377
大连理工大学,化工与制药类(智能化工、新材料与安全新工科实验班),21,630,10480,21,610,11983,12,606,12553,"985,211",一流大学,公办,11672
中南大学,材料类(冶金材料类),35,633,9341,40,608,12632,33,602,14373,"985,211",一流大学,公办,12115
南京航空航天大学,新能源材料与器件,3,628,11278,3,607,12980,4,604,13127,211,一流学科,公办,12462
哈尔滨工业大学(威海),智能材料与结构,none,none,none,none,none,none,10,606,12565,"C9,985,211",一流大学,公办,12565
湖南大学,材料科学与工程,5,629,11093,5,608,12717,5,602,14179,"985,211",一流大学,公办,12663
北京科技大学,材料科学与工程,16,629,10859,18,606,13542,19,600,15176,211,一流学科,公办,13192
苏州大学,材料类,3,624,13119,2,606,13654,none,none,none,211,一流学科,公办,13387
哈尔滨工业大学(威海),材料类,44,622,14028,20,607,12962,none,none,none,"C9,985,211",一流大学,公办,13495
南京航空航天大学,材料科学与工程,4,626,12142,4,606,13650,4,600,15444,211,一流学科,公办,13745
南京理工大学,材料类,6,625,12417,5,605,14317,15,597,16966,211,一流学科,公办,14567
华北电力大学(北京),材料类,2,623,13286,2,603,15002,2,599,15836,211,一流学科,公办,14708
上海大学,材料类,none,none,none,5,604,14442,3,599,15769,211,一流学科,公办,15106
苏州大学,纳米材料与技术,5,622,13873,5,603,15296,5,598,16473,211,一流学科,公办,15214
吉林大学,材料类,24,623,13356,24,602,15447,24,597,17034,"985,211",一流大学,公办,15279
苏州大学,金属材料工程,2,620,14785,2,601,16390,none,none,none,211,一流学科,公办,15588
北京工业大学,材料类(实验班),3,621,14600,4,600,16813,none,none,none,211,一流学科,公办,15707
中国海洋大学,材料类,25,620,14772,21,602,15756,24,596,17314,"985,211",一流大学,公办,15947
华东理工大学,材料类,22,621,14365,22,600,16586,18,594,18573,211,一流学科,公办,16508
东北大学,材料类,10,619,15341,12,600,16592,10,596,17619,"985,211",一流大学,公办,16517
北京化工大学,材料类(先进材料及绿色制造),27,615,17478,none,none,none,none,none,none,211,一流学科,公办,17478
东华大学,功能材料,2,616,16908,2,597,18418,2,592,19570,211,一流学科,公办,18299
武汉理工大学,材料类,30,617,16561,30,596,18865,25,591,20424,211,一流学科,公办,18617
东华大学,材料类,9,616,16820,9,596,19118,9,590,21102,211,一流学科,公办,19013
深圳大学,材料科学与工程,2,616,17019,3,594,20035,3,588,22182,none,none,公办,19745
河海大学,材料科学与工程,5,614,17945,6,595,19799,5,589,21608,211,一流学科,公办,19784
中央民族大学,纳米材料与技术,none,none,none,none,none,none,8,592,19813,"985,211",一流大学,公办,19813
中南大学,材料科学与工程(中外合作办学)(与蒙纳士大学中外合作办学项目),none,none,none,6,593,20820,6,593,19193,"985,211",一流大学,公办,20007
四川大学,材料科学与工程(中外合作办学),4,609,20949,3,593,20714,2,594,18804,"985,211",一流大学,公办,20156
中国石油大学(华东),材料类(本研一体班),none,none,none,none,none,none,5,591,20176,211,一流学科,公办,20176
南京邮电大学,材料物理,2,610,20407,none,none,none,none,none,none,省重点,一流学科,公办,20407
武汉理工大学,材料成型及控制工程,7,615,17666,9,595,19399,9,584,25174,211,一流学科,公办,20746
北京化工大学,工科试验班(先进材料与绿色化学),none,none,none,33,595,19813,32,588,22302,211,一流学科,公办,21058
中南大学,材料科学与工程(中外合作办学),6,608,21681,none,none,none,none,none,none,"985,211",一流大学,公办,21681
东北大学秦皇岛分校,材料类,17,609,21047,18,591,21721,18,587,22827,"985,211",一流大学,公办,21865
江南大学,高分子材料与工程,6,611,19709,6,592,21545,7,584,24942,211,一流学科,公办,22065
西北工业大学,材料科学与工程(中外合作办学),10,609,21189,10,589,23467,10,588,22232,"985,211",一流大学,公办,22296
河北工业大学,材料类,2,609,21085,2,590,22397,2,585,24019,211,一流学科,公办,22500
中国地质大学(北京),材料类,4,609,20826,5,590,22567,5,584,24745,211,一流学科,公办,22713
福州大学,高分子材料与工程,2,608,21469,2,590,22820,2,585,24123,211,一流学科,公办,22804
中国石油大学(北京),材料科学与工程,6,608,21500,6,589,23197,6,585,24562,211,一流学科,公办,23086
中国地质大学(北京),宝石及材料工艺学,2,612,18940,4,588,24107,2,580,28038,211,一流学科,公办,23695
西南交通大学,材料类,19,609,20681,19,588,24071,19,582,26388,211,一流学科,公办,23713
西南大学,材料类,3,609,20789,3,589,23402,3,581,27018,211,一流学科,公办,23736
上海大学,材料科学与工程(中外合作办学),5,607,21876,5,589,23072,5,582,26473,211,一流学科,公办,23807
河北工业大学,材料成型及控制工程,2,608,21678,2,587,24600,2,583,25927,211,一流学科,公办,24068
中国矿业大学(北京),材料科学与工程,3,606,22825,3,587,24615,3,584,25176,211,一流学科,公办,24205
哈尔滨工程大学,材料类,13,605,23488,15,584,26479,13,581,27081,211,一流学科,公办,25683
合肥工业大学,高分子材料与工程,7,605,23474,7,584,26358,4,581,27310,211,一流学科,公办,25714
中国矿业大学,新能源材料与器件,none,none,none,6,585,25989,5,583,25478,211,一流学科,公办,25734
西北工业大学,高分子材料与工程(中外合作办学),10,600,26664,10,584,26984,10,584,25260,"985,211",一流大学,公办,26303
中国地质大学(武汉),材料类,9,602,25103,9,584,26897,9,581,27304,211,一流学科,公办,26435
大连海事大学,材料科学与工程,5,600,26956,none,none,none,none,none,none,211,一流学科,公办,26956
合肥工业大学,材料成型及控制工程,5,602,25489,none,none,none,6,579,29165,211,一流学科,公办,27327
中国地质大学(武汉),宝石及材料工艺学,5,602,25166,5,583,27761,6,579,29138,211,一流学科,公办,27355
宁波大学,材料类,3,599,27658,none,none,none,none,none,none,省重点,一流学科,公办,27658
太原理工大学,材料科学与工程(试验班),none,none,none,1,582,27915,1,581,27413,211,一流学科,公办,27664
中国矿业大学,材料类,10,599,27453,6,581,28635,5,581,27439,211,一流学科,公办,27842
合肥工业大学(宣城校区),新能源材料与器件,2,600,26397,3,581,28851,3,580,28280,211,一流学科,公办,27843
合肥工业大学,材料类,10,603,24686,16,582,28308,5,577,30750,211,一流学科,公办,27915
合肥工业大学,材料物理,2,602,25290,none,none,none,7,577,30688,211,一流学科,公办,27989
南昌大学,材料成型及控制工程,2,599,27537,2,582,28243,2,579,28643,211,一流学科,公办,28141
南昌大学,材料类,5,603,24731,10,582,28298,10,575,32385,211,一流学科,公办,28471
南京信息工程大学,材料物理,2,601,26331,2,582,28025,2,576,31419,全国重点,一流学科,公办,28592
中国石油大学(华东),材料类,none,none,none,105,581,28925,80,578,29760,211,一流学科,公办,29343
苏州大学,新能源材料与器件(中外合作办学),none,none,none,none,none,none,5,578,29529,211,一流学科,公办,29529
太原理工大学,材料科学与工程,11,598,28412,10,580,29874,5,577,30956,211,一流学科,公办,29747
扬州大学,高分子材料与工程,1,597,29000,1,578,31541,1,579,28761,省重点,none,公办,29767
北京交通大学,纳米材料与技术(中外合作办学),6,604,23823,7,577,31857,6,572,34621,211,一流学科,公办,30100
杭州电子科技大学,材料科学与工程,3,599,27513,3,578,31227,3,575,32450,省重点,none,公办,30397
长安大学,材料类,20,598,27935,22,578,30970,22,575,32466,211,一流学科,公办,30457
太原理工大学,材料成型及控制工程,8,596,29446,8,578,30954,10,574,32848,211,一流学科,公办,31083
江苏大学,复合材料与工程,2,594,31131,none,none,none,none,none,none,"全国重点,省重点",none,公办,31131
南京工业大学,新能源材料与器件,3,596,29341,3,577,31941,2,575,32500,省重点,none,公办,31261
太原理工大学,高分子材料与工程,none,none,none,none,none,none,3,576,31509,211,一流学科,公办,31509
云南大学,材料科学与工程,5,597,29257,6,578,31094,5,573,34280,211,一流大学,公办,31544
天津工业大学,高分子材料与工程,2,595,30864,2,578,31642,4,574,33293,省重点,一流学科,公办,31933
南京理工大学,材料科学与工程(中外合作办学),5,595,30433,5,576,32860,5,572,34611,211,一流学科,公办,32635
天津工业大学,材料科学与工程,6,595,30511,8,575,34073,4,572,34756,省重点,一流学科,公办,33113
浙江理工大学,材料类,3,596,30070,3,576,32818,3,570,36842,省重点,none,公办,33243
贵州大学,材料类,none,none,none,2,576,32770,2,573,34484,211,一流学科,公办,33627
天津工业大学,无机非金属材料工程,2,594,31366,2,575,34054,3,570,36606,省重点,一流学科,公办,34009
东北林业大学,材料类,6,592,32590,6,576,33281,6,571,36182,211,一流学科,公办,34018
江苏大学,材料类,4,596,30092,6,575,33458,6,567,39330,"全国重点,省重点",none,公办,34293
天津工业大学,非织造材料与工程,3,594,31059,3,574,34794,3,568,38871,省重点,一流学科,公办,34908
合肥工业大学(宣城校区),材料成型及控制工程,2,599,27324,2,572,36495,2,565,41295,211,一流学科,公办,35038
天津工业大学,复合材料与工程,3,595,30891,4,571,37312,4,569,38114,省重点,一流学科,公办,35439
海南大学,材料类,11,592,33083,12,573,35452,12,569,38184,211,一流学科,公办,35573
贵州大学,材料成型及控制工程,none,none,none,2,575,33804,2,569,37586,211,一流学科,公办,35695
武汉工程大学,化学工程与工艺(智能化工、精细化学品、电子化学品材料方向),none,none,none,none,none,none,2,571,35948,none,none,公办,35948
浙江工业大学,材料类,5,594,31170,5,572,36463,5,566,40527,省重点,none,公办,36053
延边大学,高分子材料与工程,4,590,34377,4,573,35619,4,568,38845,211,一流学科,公办,36280
南京工业大学,材料类,14,595,30489,16,570,37968,12,565,41622,省重点,none,公办,36693
华侨大学,高分子材料与工程(拔尖人才试点班),2,587,36949,2,571,37577,none,none,none,"全国重点,省重点",none,公办,37263
江苏大学,金属材料工程,3,594,31494,4,567,41230,4,565,41708,"全国重点,省重点",none,公办,38144
哈尔滨工程大学,材料物理(中外合作办学),4,584,39892,4,570,38512,4,569,37763,211,一流学科,公办,38722
宁夏大学,新能源材料与器件,2,587,37091,3,570,38458,4,566,41022,211,一流学科,公办,38857
湖北大学,材料类,2,590,34653,5,569,39602,3,564,42438,省重点,none,公办,38898
湘潭大学,高分子材料与工程,3,587,36985,4,568,40025,3,567,39992,全国重点,一流学科,公办,39001
湘潭大学,新能源材料与器件,3,586,37730,4,567,41515,5,569,38118,全国重点,一流学科,公办,39121
华侨大学,材料科学与工程,2,586,37947,2,568,40384,none,none,none,"全国重点,省重点",none,公办,39166
南京工业大学,材料科学与工程,none,none,none,none,none,none,2,568,39200,省重点,none,公办,39200
中国计量大学,材料科学与工程,5,591,34110,5,569,39821,4,563,43834,省市共建,none,公办,39255
成都理工大学,新能源材料与器件,none,none,none,2,566,42102,2,570,36895,省重点,一流学科,公办,39499
西安理工大学,材料化学,2,587,37291,2,568,40195,2,564,42470,省重点,none,公办,39985
上海工程技术大学,高分子材料与工程,3,585,38744,3,567,41532,none,none,none,none,none,公办,40138
燕山大学,材料类,14,589,35488,14,567,41351,6,563,43676,全国重点,none,公办,40172
宁夏大学,材料化学,2,584,40105,2,568,40308,none,none,none,211,一流学科,公办,40207
成都理工大学,材料科学与工程,6,589,35689,6,568,40627,4,562,44491,省重点,一流学科,公办,40269
江苏科技大学,高分子材料与工程,2,584,40342,none,none,none,none,none,none,省重点,none,公办,40342
西安理工大学,材料科学与工程,4,586,37963,2,567,40907,2,563,43901,省重点,none,公办,40924
西安理工大学,材料物理,2,588,36174,2,568,39947,2,560,46872,省重点,none,公办,40998
内蒙古大学,材料化学,none,none,none,3,570,38619,3,563,43937,211,一流学科,公办,41278
湘潭大学,材料科学与工程,3,586,37744,4,564,44843,5,565,41925,全国重点,一流学科,公办,41504
河北大学,新能源材料与器件,3,586,38065,3,567,41578,3,562,45066,省重点,none,公办,41570
天津理工大学,材料成型及控制工程,5,590,34308,3,566,42194,3,558,48904,none,none,公办,41802
长沙理工大学,材料类,5,585,38809,2,567,41615,5,559,48179,省重点,none,公办,42868
湘潭大学,材料化学,none,none,none,3,565,42919,none,none,none,全国重点,一流学科,公办,42919
西南石油大学,高分子材料与工程,3,580,43667,3,565,43077,3,564,42553,省重点,一流学科,公办,43099
河北大学,材料类,3,586,37766,3,565,43406,3,559,48285,省重点,none,公办,43152
西南石油大学,材料科学与工程,3,581,42594,3,567,41433,5,561,45936,省重点,一流学科,公办,43321
西安理工大学,材料成型及控制工程,5,584,39619,5,563,45566,4,560,47245,省重点,none,公办,44143
北京工商大学,材料类,5,584,40008,5,566,42703,5,558,49852,省重点,none,公办,44188
西南石油大学,新能源材料与器件,5,576,47892,5,564,44026,6,566,41034,省重点,一流学科,公办,44317
天津科技大学,高分子材料与工程,3,582,42379,3,565,43034,4,559,48139,省重点,none,公办,44517
沈阳航空航天大学,材料成型及控制工程,1,589,35545,2,562,46097,2,556,51936,none,none,公办,44526
上海工程技术大学,材料科学与工程,2,582,41773,3,561,47665,none,none,none,none,none,公办,44719
西南石油大学,材料成型及控制工程,3,576,47923,3,565,43768,3,562,44986,省重点,一流学科,公办,45559
武汉工程大学,新能源材料与器件(光电与智能材料方向),none,none,none,none,none,none,2,561,45730,none,none,公办,45730
苏州科技大学,无机非金属材料工程,2,581,42689,2,564,44300,2,557,50588,none,none,公办,45859
西安建筑科技大学,材料科学与工程,3,579,44682,3,561,47599,none,none,none,省重点,none,公办,46141
武汉工程大学,材料类,3,583,40991,2,563,45174,3,555,52678,none,none,公办,46281
东北电力大学,新能源材料与器件,1,579,44903,2,563,45730,2,559,48514,省重点,none,公办,46382
华南农业大学,材料科学与工程,none,none,none,none,none,none,1,560,46683,全国重点,一流学科,公办,46683
河北工业大学,材料物理(中外合作办学),none,none,none,6,559,49667,2,562,45218,211,一流学科,公办,47443
大连交通大学,材料成型及控制工程,2,582,41833,2,560,48325,2,555,53077,省重点,none,公办,47745
中国民航大学,材料化学,3,577,46862,2,560,48842,2,559,47995,省重点,none,公办,47900
湘潭大学,金属材料工程,none,none,none,3,560,48391,none,none,none,全国重点,一流学科,公办,48391
武汉科技大学,材料类,none,none,none,18,564,44230,18,555,52705,省重点,none,公办,48468
武汉工程大学,材料物理(半导体芯片制造方向),none,none,none,none,none,none,2,559,48569,none,none,公办,48569
杭州师范大学,高分子材料与工程,none,none,none,4,562,46025,6,556,51738,省重点,none,公办,48882
青岛科技大学,高分子材料与工程(英才计划),25,576,48569,25,558,50862,none,none,none,省重点,none,公办,49716
江苏大学,材料成型及控制工程,none,none,none,none,none,none,2,558,49826,"全国重点,省重点",none,公办,49826
西安建筑科技大学,材料成型及控制工程,2,579,45432,3,558,50843,3,553,55378,省重点,none,公办,50551
中国民航大学,材料物理(无损检测与表面工程),6,576,48087,3,558,50980,5,555,53345,省重点,none,公办,50804
重庆交通大学,材料类,3,579,44789,4,557,51967,3,553,55728,省重点,none,公办,50828
江苏海洋大学,材料类,8,573,51079,none,none,none,none,none,none,none,none,公办,51079
西安科技大学,高分子材料与工程,none,none,none,2,559,49733,2,555,53673,省重点,none,公办,51703
西安建筑科技大学,材料类,5,578,46026,5,558,51272,8,550,59527,省重点,none,公办,52275
西安科技大学,材料科学与工程,none,none,none,2,558,50564,2,554,54542,省重点,none,公办,52553
哈尔滨理工大学,高分子材料与工程,3,575,49315,4,557,52377,4,552,57424,省重点,none,公办,53039
昆明理工大学,材料科学与工程,3,576,48206,4,556,53104,3,550,59929,省重点,none,公办,53746
西安科技大学,新能源材料与器件,none,none,none,2,556,53022,2,554,54547,省重点,none,公办,53785
青海大学,新能源材料与器件,4,568,57200,8,554,55244,8,555,52865,211,一流学科,公办,55103
常州大学,材料化学,none,none,none,2,556,53305,2,551,58101,省重点,none,公办,55703
西安科技大学,无机非金属材料工程,none,none,none,2,556,53388,2,551,58350,省重点,none,公办,55869
西安建筑科技大学,金属材料工程,3,575,48958,3,554,55829,3,547,62969,省重点,none,公办,55919
温州大学,材料科学与工程,1,573,51488,2,555,54991,2,548,61981,省市共建,none,公办,56153
南通大学,高分子材料与工程,3,569,55998,3,555,54094,3,551,58602,省重点,none,公办,56231
南昌航空大学,高分子材料与工程,2,574,50214,4,553,56351,2,547,63144,省重点,none,公办,56570
常州大学,高分子材料与工程,2,573,51687,none,none,none,5,548,62341,省重点,none,公办,57014
新疆大学,材料科学与工程,4,561,65911,2,556,53083,2,555,53274,211,一流大学,公办,57423
哈尔滨理工大学,无机非金属材料工程,3,574,50794,4,554,55381,3,544,67362,省重点,none,公办,57846
哈尔滨理工大学,材料化学,2,571,53618,2,554,55360,8,546,64787,省重点,none,公办,57922
陕西科技大学,材料类,4,566,59813,5,546,65429,2,558,49457,全国重点,none,公办,58233
重庆工商大学,材料科学与工程,2,572,52124,2,553,57112,2,545,65631,省重点,none,公办,58289
福建师范大学,材料类,7,568,57356,4,549,61438,3,552,56543,省重点,none,公办,58446
新疆大学,高分子材料与工程,4,557,70768,5,555,54218,5,556,52448,211,一流大学,公办,59145
青岛大学,材料类(地方专项计划),5,571,53886,10,549,61843,10,548,61833,省重点,none,公办,59187
浙江农林大学,高分子材料与工程,2,569,56310,3,551,59151,2,548,62415,省重点,none,公办,59292
石河子大学,材料科学与工程,6,566,59964,6,551,58863,6,550,59899,211,一流学科,公办,59575
青岛大学,材料类,154,574,50741,143,550,60443,143,544,67859,省重点,none,公办,59681
上海第二工业大学,材料成型及控制工程,2,571,54001,2,549,61704,2,547,63372,none,none,公办,59692
常州大学,材料科学与工程,2,573,51847,none,none,none,2,543,69098,省重点,none,公办,60473
昆明理工大学,材料成型及控制工程,3,568,57296,3,551,59744,3,546,64497,省重点,none,公办,60512
江西师范大学,材料化学,none,none,none,2,550,60599,none,none,none,省重点,none,公办,60599
南通大学,非织造材料与工程,2,566,59232,2,549,61701,2,548,62367,省重点,none,公办,61100
重庆理工大学,材料类,6,567,58470,4,550,60291,4,546,65077,省重点,none,公办,61279
沈阳理工大学,高分子材料与工程,1,565,61016,1,549,61990,none,none,none,省重点,none,公办,61503
南昌航空大学,材料化学,2,569,55564,4,550,60301,3,543,69120,省重点,none,公办,61662
重庆师范大学,材料类,2,566,59158,2,550,60397,2,545,66192,省重点,none,公办,61916
华北理工大学,高分子材料与工程,2,567,58639,6,548,63014,3,544,66994,省重点,none,公办,62882
重庆理工大学,材料成型及控制工程,5,563,63362,2,550,60729,3,545,66078,省重点,none,公办,63390
山东科技大学,新能源材料与器件,36,563,63289,42,548,63090,47,546,64236,省重点,none,公办,63538
安徽师范大学,材料化学,none,none,none,none,none,none,2,546,64284,省重点,none,公办,64284
中北大学,材料成型及控制工程,4,561,65789,4,547,64067,4,543,68697,省重点,none,公办,66184
青岛科技大学,新能源材料与器件(英才计划),25,561,65390,25,545,66990,none,none,none,省重点,none,公办,66190
南昌航空大学,材料成型及控制工程,3,567,58393,3,548,63693,6,538,76792,省重点,none,公办,66293
哈尔滨理工大学,金属材料工程,4,565,60120,4,546,66094,4,539,75019,省重点,none,公办,67078
青海大学,材料成型及控制工程,3,559,68416,6,545,67840,6,545,66135,211,一流学科,公办,67464
青海大学,材料科学与工程,8,558,69524,8,545,67502,8,545,66142,211,一流学科,公办,67723
山东科技大学,材料化学,46,560,67216,41,544,68784,none,none,none,省重点,none,公办,68000
常州大学,金属材料工程,none,none,none,2,548,63437,2,540,73017,省重点,none,公办,68227
桂林电子科技大学,新能源材料与器件,2,559,68776,none,none,none,none,none,none,省重点,none,公办,68776
南昌航空大学,复合材料与工程,2,568,56893,3,541,73560,2,538,75992,省重点,none,公办,68815
昆明理工大学,宝石及材料工艺学,2,567,58399,2,546,65537,2,534,82858,省重点,none,公办,68931
西安工业大学,材料类,none,none,none,5,546,66175,4,541,71866,none,none,公办,69021
昆明理工大学,功能材料,3,562,63975,4,544,68635,3,539,75605,省重点,none,公办,69405
山东科技大学,高分子材料与工程,55,560,66547,55,545,67437,85,539,74775,省重点,none,公办,69586
沈阳建筑大学,高分子材料与工程,1,560,67245,1,544,68852,1,540,73771,省重点,none,公办,69956
哈尔滨理工大学,材料物理,2,569,55872,2,551,58951,4,527,95065,省重点,none,公办,69963
南昌航空大学,无机非金属材料工程,2,562,64200,3,544,68097,2,537,78165,省重点,none,公办,70154
黑龙江大学,材料化学,none,none,none,none,none,none,2,542,70461,none,none,公办,70461
湖南科技大学,智能材料与结构,none,none,none,2,546,65738,2,539,75247,省重点,none,公办,70493
长春理工大学,新能源材料与器件,4,562,64748,4,541,72415,6,539,75670,省重点,none,公办,70944
沈阳航空航天大学,复合材料与工程,none,none,none,none,none,none,2,541,72009,none,none,公办,72009
青岛科技大学,新能源材料与器件,none,none,none,30,543,70137,60,540,73954,省重点,none,公办,72046
华北理工大学,材料化学,none,none,none,4,544,68682,4,538,75970,省重点,none,公办,72326
南昌航空大学,金属材料工程,3,562,64454,5,544,69514,5,532,85921,省重点,none,公办,73296
中北大学,材料类,27,558,69243,27,537,79064,none,none,none,省重点,none,公办,74154
三峡大学,材料类,3,565,60304,13,538,77222,10,533,85267,省重点,none,公办,74264
石家庄铁道大学,材料类,4,562,64037,4,542,71998,11,532,86927,全国重点,none,公办,74321
青岛科技大学,材料化学,32,555,73735,28,540,74124,27,536,79612,省重点,none,公办,75824
华北理工大学,金属材料工程,3,553,76153,none,none,none,none,none,none,省重点,none,公办,76153
西安石油大学,新能源材料与器件,2,550,80773,2,537,79441,2,543,69680,none,none,公办,76631
长春理工大学,无机非金属材料工程,4,554,74781,3,537,79982,none,none,none,省重点,none,公办,77382
青岛科技大学,材料物理,18,554,75646,15,538,77506,10,536,79155,省重点,none,公办,77436
青岛科技大学,材料成型及控制工程,13,554,75405,13,538,77845,13,535,80950,省重点,none,公办,78067
武汉工程大学,材料成型及控制工程(智能成型与增材制造方向),none,none,none,none,none,none,3,537,78073,none,none,公办,78073
杭州师范大学,高分子材料与工程(中外合作办学),none,none,none,2,538,78130,none,none,none,省重点,none,公办,78130
青岛科技大学,高分子材料与工程(招收合成方向),48,554,75156,50,537,79304,48,535,81183,省重点,none,公办,78548
长春理工大学,材料化学,6,556,72195,6,540,74587,9,530,89969,省重点,none,公办,78917
华东交通大学,材料成型及控制工程,3,557,71090,8,536,81581,7,533,84414,省重点,none,公办,79028
深圳北理莫斯科大学,材料科学与工程(中外合作办学),none,none,none,none,none,none,3,536,79148,none,none,中外合作办学,79148
南京工程学院,材料成型及控制工程,4,556,72289,none,none,none,4,532,86749,none,none,公办,79519
沈阳建筑大学,材料化学,1,554,75233,1,537,78876,1,531,87306,省重点,none,公办,80472
湖南科技大学,材料成型及控制工程,2,553,76758,2,537,79065,2,532,86344,省重点,none,公办,80722
青岛科技大学,高分子材料与工程(招收橡胶工程方向),140,553,76627,112,536,81230,127,532,86110,省重点,none,公办,81322
沈阳理工大学,无机非金属材料工程,1,553,77145,1,535,83058,1,533,84018,省重点,none,公办,81407
中南民族大学,材料类,6,550,81626,6,535,82061,6,535,80722,省重点,none,公办,81470
沈阳工业大学,功能材料,2,553,76111,2,537,79319,3,530,89694,省重点,none,公办,81708
大连工业大学,无机非金属材料工程,1,550,81729,none,none,none,none,none,none,省重点,none,公办,81729
沈阳工业大学,材料成型及控制工程,4,552,77460,4,536,80033,5,530,89417,省重点,none,公办,82303
天津商业大学,宝石及材料工艺学,4,557,71287,4,535,82017,4,527,94246,省重点,none,公办,82517
山东科技大学,金属材料工程,64,551,79735,65,534,83264,32,533,84748,省重点,none,公办,82582
安徽工业大学,高分子材料与工程,2,551,79568,2,536,81472,2,531,88261,省重点,none,公办,83100
桂林电子科技大学,材料类,10,553,76927,12,533,85362,5,530,89597,省重点,none,公办,83962
青岛科技大学,高分子材料与工程(招收塑料工程方向),46,550,80353,48,534,84623,28,531,88180,省重点,none,公办,84385
青岛科技大学,复合材料与工程,38,549,82514,32,533,85227,15,532,86030,省重点,none,公办,84590
安徽工业大学,无机非金属材料工程,2,547,85147,none,none,none,none,none,none,省重点,none,公办,85147
沈阳理工大学,材料成型及控制工程,1,548,84114,1,534,83695,1,529,90765,省重点,none,公办,86191
西南科技大学,材料类,9,551,79572,9,533,85919,9,528,93213,省重点,none,公办,86235
西安石油大学,材料成型及控制工程,2,547,85585,2,534,83792,2,530,90483,none,none,公办,86620
青岛科技大学,金属材料工程,32,547,85990,28,532,86676,18,530,89667,省重点,none,公办,87444
西安石油大学,材料类,3,545,87758,2,534,84709,3,530,89945,none,none,公办,87471
沈阳理工大学,粉体材料科学与工程,1,551,79982,1,533,86181,1,526,96513,省重点,none,公办,87559
南京工程学院,材料类,none,none,none,6,533,86336,2,530,89049,none,none,公办,87693
中南林业科技大学,材料类,4,547,85021,4,532,87362,4,529,91898,省重点,none,公办,88094
青岛科技大学,功能材料,60,546,86837,30,532,87542,15,530,89970,省重点,none,公办,88116
青岛科技大学,无机非金属材料工程,33,547,86030,25,531,88654,20,530,90366,省重点,none,公办,88350
湖南科技大学,材料科学与工程,8,548,83472,8,532,87441,8,527,94282,省重点,none,公办,88398
青岛科技大学,高分子材料与工程(地方专项计划，招收橡胶工程方向),20,547,85309,20,529,91695,none,none,none,省重点,none,公办,88502
华北理工大学,材料成型及控制工程,2,550,81313,5,531,89073,5,526,95835,省重点,none,公办,88740
西安工程大学,材料类,none,none,none,3,531,89510,3,531,88254,none,none,公办,88882
华北理工大学,复合材料与工程,4,549,82834,4,532,87996,6,526,97270,省重点,none,公办,89367
兰州理工大学,材料成型及控制工程,2,548,84470,2,531,89359,2,527,94744,none,none,公办,89524
长春理工大学,功能材料,3,550,81519,3,528,93596,3,527,94151,省重点,none,公办,89755
东华理工大学,材料科学与工程,3,548,84194,6,531,89230,4,526,96637,省重点,none,公办,90020
西北师范大学,材料物理,2,544,89543,2,529,92796,1,530,89400,省重点,none,公办,90580
桂林电子科技大学,材料成型及控制工程,none,none,none,none,none,none,3,529,90959,省重点,none,公办,90959
中北大学,高分子材料与工程,none,none,none,none,none,none,8,529,91005,省重点,none,公办,91005
金陵科技学院,复合材料与工程,1,543,91274,none,none,none,none,none,none,none,none,公办,91274
大连大学,材料成型及控制工程,3,547,85478,5,530,90143,5,525,98567,省重点,none,公办,91396
青岛理工大学,材料科学与工程,86,547,85875,90,529,92031,75,526,96642,省重点,none,公办,91516
天津城建大学,材料类,3,545,88476,2,530,90998,2,527,95211,none,none,公办,91562
兰州交通大学,材料成型及控制工程,1,544,89870,none,none,none,2,528,93362,省重点,none,公办,91616
广东以色列理工学院,材料科学与工程(中外合作办学),2,566,59168,3,522,105707,6,518,111078,none,none,中外合作办学,91984
西安工程大学,材料成型及控制工程,3,544,90360,3,529,92861,3,527,94699,none,none,公办,92640
兰州交通大学,材料科学与工程,1,544,90126,none,none,none,2,525,98384,省重点,none,公办,94255
华北理工大学,无机非金属材料工程,8,548,84419,10,527,96113,10,522,103647,省重点,none,公办,94726
华东交通大学,高分子材料与工程,none,none,none,7,529,92300,7,525,98411,省重点,none,公办,95356
湖南农业大学,材料化学,2,541,95181,2,528,94835,2,526,96126,省重点,none,公办,95381
安徽理工大学,高分子材料与工程,6,544,89897,6,528,93725,8,522,103585,省重点,none,公办,95736
东北石油大学,高分子材料与工程,5,536,102415,2,529,91868,2,527,94602,全国重点,none,公办,96295
青岛科技大学,高分子材料与工程(招收塑料工程方向，地方专项计划),none,none,none,none,none,none,20,526,96503,省重点,none,公办,96503
南华大学,材料类,5,543,91134,5,528,94740,5,522,104581,none,none,公办,96818
安徽工业大学,材料成型及控制工程,3,542,92715,3,530,90400,3,520,107814,省重点,none,公办,96976
大连工业大学,生物质能源与材料,none,none,none,none,none,none,3,525,97876,省重点,none,公办,97876
河北科技大学,材料成型及控制工程,2,544,89935,none,none,none,5,521,106822,省重点,none,公办,98379
湖南工业大学,新能源材料与器件,none,none,none,none,none,none,2,525,98840,省重点,none,公办,98840
华北水利水电大学,材料成型及控制工程,10,544,89766,10,526,98621,10,519,109358,省重点,none,公办,99248
曲阜师范大学,材料化学,30,538,99645,34,526,98395,30,524,99851,省重点,none,公办,99297
浙江科技学院,材料科学与工程,4,542,93960,3,526,98051,3,521,106126,none,none,公办,99379
沈阳建筑大学,无机非金属材料工程,2,537,102099,1,525,99462,none,none,none,省重点,none,公办,100781
厦门理工学院,新能源材料与器件,none,none,none,none,none,none,3,524,100991,省重点,none,公办,100991
沈阳航空航天大学,金属材料工程,1,591,33851,2,566,42688,5,468,226806,none,none,公办,101115
辽宁科技大学,材料化学,2,535,104412,2,527,96315,4,522,103872,none,none,公办,101533
湖南工业大学,材料类,2,543,90897,5,523,103528,6,518,111170,省重点,none,公办,101865
青岛科技大学,材料物理(地方专项计划),none,none,none,none,none,none,15,523,102047,省重点,none,公办,102047
北京石油化工学院,高分子材料与工程,5,538,99455,6,523,102560,6,521,105670,none,none,公办,102562
沈阳理工大学,金属材料工程,2,540,96594,2,522,104824,2,520,107662,省重点,none,公办,103027
河南工业大学,高分子材料与工程,3,536,103082,none,none,none,none,none,none,省重点,none,公办,103082
北京服装学院,高分子材料与工程,7,540,96056,8,524,102031,7,518,111981,none,none,公办,103356
山东科技大学,金属材料工程(地方专项计划),none,none,none,none,none,none,15,522,103700,省重点,none,公办,103700
中北大学,复合材料与工程,none,none,none,none,none,none,6,522,104240,省重点,none,公办,104240
金陵科技学院,宝石及材料工艺学,1,544,90386,1,528,94134,1,508,131349,none,none,公办,105290
青岛科技大学,复合材料与工程(地方专项计划),none,none,none,none,none,none,15,521,105368,省重点,none,公办,105368
齐鲁工业大学,材料成型及控制工程,14,535,105493,22,522,104248,35,520,107026,none,none,公办,105589
曲阜师范大学,新能源材料与器件,50,529,114945,10,523,102519,9,524,100891,省重点,none,公办,106118
济南大学,材料类,367,538,99928,266,521,107062,133,518,111425,省重点,none,公办,106138
太原科技大学,材料科学与工程,2,535,104359,2,521,106148,2,519,109222,none,none,公办,106576
河南工业大学,复合材料与工程,2,534,106632,none,none,none,none,none,none,省重点,none,公办,106632
河南理工大学,材料成型及控制工程,2,532,109294,2,522,105227,none,none,none,省重点,none,公办,107261
河南科技大学,材料成型及控制工程,8,534,106995,8,522,104699,6,519,110478,省重点,none,公办,107391
江西理工大学,金属材料工程,none,none,none,1,521,107673,none,none,none,省重点,none,公办,107673
河南科技大学,金属材料工程,5,533,107736,none,none,none,none,none,none,省重点,none,公办,107736
青岛理工大学,材料科学与工程(地方专项计划),none,none,none,none,none,none,15,520,107752,省重点,none,公办,107752
安徽工业大学,材料类,3,538,100077,8,522,104968,7,515,118447,省重点,none,公办,107831
河南理工大学,材料类,3,537,101813,5,521,107204,5,516,115128,省重点,none,公办,108048
安徽理工大学,无机非金属材料工程,4,537,101293,4,523,103684,8,514,119641,省重点,none,公办,108206
安徽理工大学,复合材料与工程,4,536,102508,4,523,103177,8,513,121299,省重点,none,公办,108995
青岛科技大学,功能材料(地方专项计划),none,none,none,none,none,none,15,519,109045,省重点,none,公办,109045
东莞理工学院,材料类,none,none,none,2,520,109085,none,none,none,省重点,none,公办,109085
湖北大学,材料科学与工程(中外合作办学),none,none,none,6,521,106654,12,518,111537,省重点,none,公办,109096
中北大学,无机非金属材料工程,none,none,none,none,none,none,6,519,109349,省重点,none,公办,109349
兰州理工大学,金属材料工程,2,535,105558,2,522,104626,2,514,119658,none,none,公办,109947
济南大学,材料类(地方专项计划),15,537,101879,18,522,105670,30,513,122548,省重点,none,公办,110032
西北师范大学,材料科学与工程,none,none,none,none,none,none,2,519,110096,省重点,none,公办,110096
辽宁石油化工大学,高分子材料与工程(卓越计划班),1,536,103406,5,520,109582,7,514,119898,省重点,none,公办,110962
兰州理工大学,无机非金属材料工程,2,534,106253,2,519,110045,2,514,118947,none,none,公办,111748
河南理工大学,材料成型及控制工程(智能制造方向),none,none,none,none,none,none,2,518,111995,省重点,none,公办,111995
安徽建筑大学,无机非金属材料工程,2,531,111545,2,518,112575,2,515,118075,省重点,none,公办,114065
安徽理工大学,智能材料与结构,none,none,none,none,none,none,5,517,114258,省重点,none,公办,114258
河南工业大学,材料科学与工程,4,534,106127,4,517,114731,4,513,121933,省重点,none,公办,114264
齐鲁工业大学,材料化学,none,none,none,none,none,none,10,516,114830,none,none,公办,114830
曲阜师范大学,新能源材料与器件(地方专项计划),none,none,none,8,516,116856,10,517,113211,省重点,none,公办,115034
兰州理工大学,功能材料,2,527,118276,2,519,110055,2,515,117691,none,none,公办,115341
辽宁科技大学,材料科学与工程,2,529,115312,2,519,109962,4,513,121624,none,none,公办,115633
东北石油大学,新能源材料与器件,1,528,116722,1,516,116321,none,none,none,全国重点,none,公办,116522
江西理工大学,材料科学与工程,3,528,116595,3,518,111737,3,513,121942,省重点,none,公办,116758
河南工业大学,无机非金属材料工程,4,538,100397,4,514,119955,4,509,130746,省重点,none,公办,117033
齐鲁工业大学,无机非金属材料工程,none,none,none,none,none,none,8,515,117060,none,none,公办,117060
齐鲁工业大学,高分子材料与工程,none,none,none,none,none,none,9,515,118258,none,none,公办,118258
河南工业大学,材料类,none,none,none,4,518,113501,4,512,124114,省重点,none,公办,118808
烟台大学,高分子材料与工程,113,528,116714,105,514,120588,88,510,127910,省重点,none,公办,121737
齐鲁工业大学,材料成型及控制工程(地方专项计划),none,none,none,none,none,none,10,513,121781,none,none,公办,121781
辽宁科技大学,材料成型及控制工程,2,526,120082,2,516,117213,4,509,129144,none,none,公办,122146
安徽工业大学,金属材料工程,none,none,none,2,514,120312,2,511,126711,省重点,none,公办,123512
长春工业大学,高分子材料与工程,5,526,120365,5,514,121261,6,509,129294,省重点,none,公办,123640
河南科技大学,材料类,none,none,none,9,515,119225,11,509,129114,省重点,none,公办,124170
烟台大学,材料科学与工程,100,525,121248,60,513,123528,35,510,128954,省重点,none,公办,124577
辽宁石油化工大学,高分子材料与工程,1,523,126468,2,512,123756,none,none,none,省重点,none,公办,125112
齐鲁工业大学,功能材料,53,523,126124,36,512,123984,25,511,125489,none,none,公办,125199
鲁东大学,材料化学,52,523,125557,none,none,none,none,none,none,none,none,公办,125557
华北理工大学,材料类,none,none,none,19,514,120244,18,508,131336,省重点,none,公办,125790
河北地质大学,材料类,4,525,122388,4,513,122631,4,508,132456,省重点,none,公办,125825
东北石油大学,金属材料工程,1,525,122805,2,511,126017,2,508,131569,全国重点,none,公办,126797
东北电力大学,材料成型及控制工程,none,none,none,none,none,none,4,510,127432,省重点,none,公办,127432
鲁东大学,高分子材料与工程,44,522,127896,none,none,none,none,none,none,none,none,公办,127896
河北科技大学,材料类,none,none,none,none,none,none,5,510,128196,省重点,none,公办,128196
江西理工大学,材料成型及控制工程,none,none,none,none,none,none,2,510,128319,省重点,none,公办,128319
辽宁工程技术大学,金属材料工程,none,none,none,2,513,121578,2,506,136372,全国重点,none,公办,128975
鲁东大学,新能源材料与器件,27,523,125432,58,510,129056,62,508,132678,none,none,公办,129055
齐鲁工业大学,材料类,246,522,127570,129,508,131853,none,none,none,none,none,公办,129712
辽宁工程技术大学,材料类,2,521,129764,none,none,none,none,none,none,全国重点,none,公办,129764
沈阳化工大学,高分子材料与工程(卓越工程师班),none,none,none,none,none,none,2,509,130167,省重点,none,公办,130167
沈阳化工大学,高分子材料与工程,4,520,130776,4,508,132708,2,510,128982,省重点,none,公办,130822
烟台大学,金属材料工程,80,518,134103,40,509,131155,20,508,131314,省重点,none,公办,132191
河北工程大学,材料类,none,none,none,none,none,none,2,508,132282,省重点,none,公办,132282
辽宁工业大学,材料科学与工程,2,522,127781,2,508,133116,2,505,137823,none,none,公办,132907
长春工业大学,材料化学,3,521,129630,3,507,134694,3,505,138613,省重点,none,公办,134312
辽宁科技大学,无机非金属材料工程,9,522,127279,9,508,132137,9,502,144927,none,none,公办,134781
辽宁石油化工大学,复合材料与工程,1,518,135450,1,507,134382,none,none,none,省重点,none,公办,134916
昌吉学院,学院材料科学与工程,2,518,135203,none,none,none,none,none,none,none,none,公办,135203
山东农业大学,材料化学,none,none,none,60,506,137440,35,507,133677,省重点,none,公办,135559
齐鲁工业大学,功能材料(地方专项计划),none,none,none,none,none,none,10,506,135789,none,none,公办,135789
太原科技大学,材料成型及控制工程,10,519,133339,8,507,135837,8,505,138451,none,none,公办,135876
太原科技大学,功能材料,2,519,132981,2,507,134111,2,504,141335,none,none,公办,136142
郑州轻工业大学,高分子材料与工程,4,515,140391,4,506,136101,4,508,133039,none,none,公办,136510
嘉兴学院,高分子材料与工程,4,517,136799,4,508,132584,4,504,140976,none,none,公办,136786
长春工业大学,材料物理,3,522,127194,3,506,137236,4,501,146437,省重点,none,公办,136956
沈阳化工大学,材料化学,2,517,137045,2,507,135390,2,504,139975,省重点,none,公办,137470
湖南理工学院,材料成型及控制工程,2,516,137700,none,none,none,none,none,none,none,none,公办,137700
辽宁工业大学,材料成型及控制工程,2,518,134081,2,506,137511,2,503,142172,none,none,公办,137921
鲁东大学,材料类,none,none,none,101,508,133650,116,502,145075,none,none,公办,139363
辽宁石油化工大学,材料化学,3,517,137100,2,505,139448,2,503,142094,省重点,none,公办,139547
长春工业大学,材料成型及控制工程,4,518,134118,4,505,139572,2,502,145019,省重点,none,公办,139570
成都工业学院,材料成型及控制工程,none,none,none,2,505,139739,none,none,none,none,none,公办,139739
宁波工程学院,材料科学与工程,none,none,none,none,none,none,2,504,139856,none,none,公办,139856
山东理工大学,高分子材料与工程,51,517,136572,46,505,139711,45,503,143399,省重点,none,公办,139894
长春大学,材料科学与工程,2,514,142717,2,508,132377,2,502,145460,none,none,公办,140185
辽宁科技大学,功能材料,none,none,none,none,none,none,2,504,140646,none,none,公办,140646
长春工业大学,金属材料工程,6,517,137312,6,503,144222,6,500,148775,省重点,none,公办,143436
沈阳化工大学,复合材料与工程,4,513,144478,2,504,142155,2,502,144470,省重点,none,公办,143701
西安航空学院,材料成型及控制工程,4,514,141849,3,502,145342,3,502,145183,none,none,公办,144125
桂林理工大学,材料类,6,517,136819,6,503,142372,6,498,153969,省重点,none,公办,144387
常熟理工学院,功能材料,2,513,144905,none,none,none,none,none,none,none,none,公办,144905
山东理工大学,材料化学,48,515,140664,39,502,145044,47,500,149132,省重点,none,公办,144947
济南大学,材料类(济南走读),none,none,none,none,none,none,40,502,145137,省重点,none,公办,145137
山东建筑大学,材料科学与工程,63,514,142121,50,502,145281,62,500,150012,省重点,none,公办,145805
郑州轻工业大学,材料物理,3,511,147278,3,502,144833,none,none,none,none,none,公办,146056
山东理工大学,材料化学(地方专项计划),9,514,141992,10,498,153668,none,none,none,省重点,none,公办,147830
沈阳化工大学,无机非金属材料工程,5,511,148806,4,501,146765,4,501,148359,省重点,none,公办,147977
中南民族大学,材料类(只招少数民族考生),10,506,157966,10,505,138873,none,none,none,省重点,none,公办,148420
山东理工大学,材料科学与工程(地方专项计划),11,515,141316,12,497,155661,none,none,none,省重点,none,公办,148489
黑龙江科技大学,材料成型及控制工程,5,513,144916,3,501,147683,3,499,153039,省重点,none,公办,148546
山东建筑大学,材料成型及控制工程,45,512,145791,38,501,147836,53,498,154183,省重点,none,公办,149270
湖北工程学院,材料类,1,510,149765,none,none,none,none,none,none,none,none,公办,149765
哈尔滨理工大学,材料成型及控制工程,29,512,146192,29,500,149428,29,498,153745,省重点,none,公办,149788
沈阳化工大学,金属材料工程,2,511,148254,2,500,149053,4,499,152421,省重点,none,公办,149909
山东第一医科大学,高分子材料与工程,35,510,149754,35,500,150342,25,499,151369,none,none,公办,150488
辽宁石油化工大学,材料成型及控制工程,5,509,152451,2,502,145577,3,498,154355,省重点,none,公办,150794
西南林业大学,高分子材料与工程,2,508,153190,3,502,146655,3,499,152988,省重点,none,公办,150944
山东理工大学,材料科学与工程,142,513,144662,124,499,151782,130,497,157389,省重点,none,公办,151278
青岛科技大学,高分子材料与工程(高密校区),60,509,152161,110,500,149881,110,499,151819,省重点,none,公办,151287
齐鲁工业大学,宝石及材料工艺学,none,none,none,none,none,none,40,499,151549,none,none,公办,151549
青岛农业大学,材料类,137,509,153010,none,none,none,none,none,none,省重点,none,公办,153010
江西农业大学,材料化学,none,none,none,2,497,155503,2,500,150687,全国重点,none,公办,153095
内蒙古工业大学,无机非金属材料工程,2,511,148778,2,498,154236,2,496,157789,省重点,none,公办,153601
青岛农业大学,材料化学,none,none,none,70,499,153093,70,497,156488,省重点,none,公办,154791
湖州师范学院,材料化学,2,507,155688,3,502,145403,3,494,163546,none,none,公办,154879
西南林业大学,材料科学与工程,2,509,152653,2,499,152420,2,495,160087,省重点,none,公办,155053
山东第一医科大学,高分子材料与工程(地方专项计划),none,none,none,none,none,none,10,498,155321,none,none,公办,155321
辽宁石油化工大学,金属材料工程,2,508,153497,1,498,153297,1,495,160155,省重点,none,公办,155650
北方民族大学,高分子材料与工程,2,507,155704,none,none,none,none,none,none,省重点,none,公办,155704
山东建筑大学,材料科学与工程(地方专项计划),15,513,143814,15,495,160734,20,494,163223,省重点,none,公办,155924
湘潭大学兴湘学院,高分子材料与工程,1,480,210014,1,478,200571,1,551,57627,none,none,民办,156071
重庆科技学院,材料类,3,510,149184,5,498,155242,5,494,164307,none,none,公办,156244
江苏理工学院,功能材料,none,none,none,none,none,none,2,497,156649,none,none,公办,156649
天津农学院,功能材料,none,none,none,2,499,152910,2,495,161640,none,none,公办,157275
临沂大学,材料科学与工程,60,506,158727,16,499,152545,90,495,161458,none,none,公办,157577
临沂大学,新能源材料与器件,25,505,160823,20,497,156583,46,496,158225,none,none,公办,158544
山东建筑大学,无机非金属材料工程,76,508,154933,70,497,156523,84,494,164193,省重点,none,公办,158550
长沙学院,功能材料,2,508,153164,2,499,152371,2,491,171039,none,none,公办,158858
山东理工大学,材料成型及控制工程,none,none,none,none,none,none,141,496,159271,省重点,none,公办,159271
北方民族大学,材料科学与工程,2,505,159533,none,none,none,none,none,none,省重点,none,公办,159533
青岛农业大学,功能材料,none,none,none,67,496,159396,68,495,160570,省重点,none,公办,159983
吉林建筑大学,高分子材料与工程,5,506,157425,6,496,158051,6,493,165221,省重点,none,公办,160232
齐齐哈尔大学,材料类,4,505,160680,3,496,158256,3,494,162608,省重点,none,公办,160515
佛山科学技术学院,材料化学,none,none,none,2,495,160560,none,none,none,省重点,none,公办,160560
北华航天工业学院,材料成型及控制工程,1,506,157881,1,496,158558,1,493,166575,none,none,公办,161005
景德镇陶瓷大学,材料化学,3,505,160870,3,493,166757,1,496,157925,省重点,none,公办,161851
聊城大学,新能源材料与器件,100,505,160202,40,495,161566,60,493,165318,none,none,公办,162362
聊城大学,高分子材料与工程,90,506,158522,72,494,163456,52,492,167081,none,none,公办,163020
山西大同大学,新能源材料与器件,none,none,none,10,494,163619,none,none,none,none,none,公办,163619
广西民族大学,高分子材料与工程,2,504,162828,3,493,164824,none,none,none,省重点,none,公办,163826
内蒙古工业大学,材料成型及控制工程,5,503,163331,5,493,164666,3,493,165363,省重点,none,公办,164453
聊城大学,材料科学与工程,89,505,159067,69,493,165006,49,491,169875,none,none,公办,164649
长江师范学院,材料类,none,none,none,3,496,158937,3,491,171245,none,none,公办,165091
南昌大学,学院材料成型及控制工程,2,502,165203,none,none,none,none,none,none,211,一流学科,公办,165203
西北民族大学,无机非金属材料工程,2,502,166427,2,495,160890,3,492,169020,省重点,none,公办,165446
北方民族大学,新能源材料与器件,2,502,166145,none,none,none,none,none,none,省重点,none,公办,166145
佛山科学技术学院,材料科学与工程,none,none,none,2,493,166317,none,none,none,省重点,none,公办,166317
吉林建筑大学,材料化学,6,504,161092,5,493,165970,3,490,172517,省重点,none,公办,166526
北华航天工业学院,复合材料与工程,2,502,165909,1,493,165716,1,492,168741,none,none,公办,166789
北方民族大学,材料成型及控制工程,3,501,166894,none,none,none,none,none,none,省重点,none,公办,166894
北方民族大学,材料类,none,none,none,6,493,164691,5,491,169962,省重点,none,公办,167327
景德镇陶瓷大学,粉体材料科学与工程,1,504,161036,1,493,164678,1,488,176611,省重点,none,公办,167442
北华航天工业学院,金属材料工程,2,498,172886,2,489,174120,1,497,156415,none,none,公办,167807
华北科技学院,材料成型及控制工程,2,501,168351,none,none,none,none,none,none,none,none,公办,168351
齐鲁工业大学,高分子材料与工程(菏泽校区),120,500,169294,120,493,165985,132,491,170104,none,none,公办,168461
聊城大学,金属材料工程,85,503,164668,68,491,169306,38,490,171797,none,none,公办,168590
山东建筑大学,材料科学与工程(济南走读),none,none,none,30,490,171965,20,493,165541,省重点,none,公办,168753
内蒙古工业大学,材料物理,4,505,159647,4,490,172420,2,489,175243,省重点,none,公办,169103
华北科技学院,材料科学与工程,2,506,158752,none,none,none,11,487,180374,none,none,公办,169563
景德镇陶瓷大学,材料成型及控制工程,2,498,173408,2,494,164070,1,491,171404,省重点,none,公办,169627
中原工学院,材料类,6,501,167159,5,492,167203,5,489,174810,none,none,公办,169724
景德镇陶瓷大学,无机非金属材料工程,3,502,165956,3,492,168445,3,489,175393,省重点,none,公办,169931
天津中德应用技术大学,金属材料工程,4,500,169478,4,491,170175,4,491,170957,none,none,公办,170203
内蒙古科技大学,材料成型及控制工程,5,501,167439,5,492,168375,5,489,174902,none,none,公办,170239
衡阳师范学院,高分子材料与工程,1,499,171612,1,493,165892,1,489,174624,none,none,公办,170709
聊城大学,新能源材料与器件(地方专项计划),none,none,none,none,none,none,10,491,170967,none,none,公办,170967
吉林化工学院,材料成型及控制工程,1,496,176980,1,500,149848,1,484,187863,none,none,公办,171564
吉林建筑大学,无机非金属材料工程,12,502,164928,11,491,170764,11,487,179288,省重点,none,公办,171660
江西科技师范大学,金属材料工程,3,498,173005,3,491,170018,3,490,172704,none,none,公办,171909
福建工程学院,材料成型及控制工程,8,502,166703,6,492,168582,6,487,180498,省重点,none,公办,171928
湖南工学院,无机非金属材料工程,2,500,170505,2,491,170099,2,489,175520,none,none,公办,172041
天津职业技术师范大学,材料成型及控制工程,none,none,none,none,none,none,1,490,172330,none,none,公办,172330
安徽科技学院,材料科学与工程,1,502,166040,3,490,173370,3,487,178864,none,none,公办,172758
山东交通学院,材料科学与工程,61,500,170184,55,490,171432,55,488,177112,none,none,公办,172909
山东建筑大学,材料成型及控制工程(校企合作，与莱芜钢铁集团有限公司合作),none,none,none,35,490,172311,35,489,174246,省重点,none,公办,173279
安徽科技学院,新能源材料与器件,none,none,none,none,none,none,4,490,173367,none,none,公办,173367
重庆文理学院,材料类,none,none,none,2,489,173881,4,490,172991,none,none,公办,173436
聊城大学,高分子材料与工程(地方专项计划),none,none,none,none,none,none,10,490,173529,none,none,公办,173529
聊城大学,材料科学与工程(地方专项计划),none,none,none,none,none,none,10,489,174001,none,none,公办,174001
甘肃农业大学,材料化学,none,none,none,none,none,none,5,489,174438,省重点,none,公办,174438
齐鲁工业大学,无机非金属材料工程(校企合作，与中材高新材料股份有限公司合作),none,none,none,80,489,175270,80,489,174518,none,none,公办,174894
赣南师范大学,材料化学,none,none,none,none,none,none,3,489,174980,none,none,公办,174980
洛阳理工学院,高分子材料与工程,4,497,175113,none,none,none,none,none,none,none,none,公办,175113
台州学院,材料科学与工程,6,500,169692,6,489,175045,4,486,181625,none,none,公办,175454
吉林化工学院,高分子材料与工程,3,499,172780,3,490,172627,3,486,181075,none,none,公办,175494
临沂大学,材料科学与工程(校企合作，与山东鑫海科技股份有限公司合作),40,498,174348,100,487,179295,none,none,none,none,none,公办,176822
山西工程技术学院,材料科学与工程,none,none,none,1,490,173170,1,487,180675,none,none,公办,176923
吉林化工学院,材料物理,1,497,175236,1,490,171617,1,485,185005,none,none,公办,177286
哈尔滨商业大学,宝石及材料工艺学,9,501,167235,7,487,178415,7,484,186539,省重点,none,公办,177396
中原工学院,非织造材料与工程,3,498,173831,3,489,175058,4,485,184420,none,none,公办,177770
景德镇陶瓷大学,新能源材料与器件,none,none,none,none,none,none,2,488,177990,省重点,none,公办,177990
山东建筑大学,材料成型及控制工程(济南走读),none,none,none,30,487,178378,none,none,none,省重点,none,公办,178378
淮阴工学院,材料成型及控制工程,3,496,178752,none,none,none,none,none,none,none,none,公办,178752
郑州工程技术学院,高分子材料与工程,none,none,none,2,490,173322,3,485,184502,none,none,公办,178912
山东建筑大学,无机非金属材料工程(济南走读),none,none,none,20,487,178990,none,none,none,省重点,none,公办,178990
廊坊师范学院,材料化学,4,499,172756,4,489,175463,4,483,188976,none,none,公办,179065
郑州航空工业管理学院,材料类,3,497,176327,5,487,179399,2,486,181736,none,none,公办,179154
吉林化工学院,材料化学,3,497,175913,3,488,176832,3,485,185417,none,none,公办,179387
山东交通学院,材料成型及控制工程,34,497,175487,33,487,178727,35,485,184950,none,none,公办,179721
泰山学院,高分子材料与工程,31,498,174593,31,488,178220,31,484,186380,none,none,公办,179731
景德镇陶瓷大学,材料物理,none,none,none,none,none,none,2,487,179993,省重点,none,公办,179993
淮阴工学院,材料科学与工程,3,495,180412,none,none,none,none,none,none,none,none,公办,180412
吉林化工学院,材料科学与工程,5,497,176006,5,487,180177,3,484,186140,none,none,公办,180774
青岛科技大学,高分子材料与工程(中外合作办学)(中韩合作办学),65,495,179394,66,487,179817,70,485,183575,省重点,none,公办,180929
聊城大学,金属材料工程(地方专项计划),none,none,none,none,none,none,20,486,181233,none,none,公办,181233
怀化学院,材料化学,1,500,170090,none,none,none,2,482,192447,none,none,公办,181269
洛阳理工学院,无机非金属材料工程,8,496,177766,8,487,178871,8,484,188149,none,none,公办,181595
佳木斯大学,材料成型及控制工程,20,495,180182,none,none,none,10,485,183828,省重点,none,公办,182005
衢州学院,材料科学与工程,5,494,182159,none,none,none,none,none,none,none,none,公办,182159
洛阳理工学院,材料成型及控制工程,4,494,182168,none,none,none,none,none,none,none,none,公办,182168
广西民族大学,金属材料工程,3,494,182846,none,none,none,none,none,none,省重点,none,公办,182846
滨州学院,高分子材料与工程,25,496,177453,35,487,180350,35,482,190967,none,none,公办,182923
黑龙江工程学院,材料类,2,495,179398,2,488,176348,3,481,193083,none,none,公办,182943
淮阴工学院,高分子材料与工程,3,495,180249,none,none,none,4,484,185889,none,none,公办,183069
湖南工学院,材料物理,2,493,184655,2,486,181990,none,none,none,none,none,公办,183323
湖南工程学院,材料化学,none,none,none,none,none,none,2,485,184806,none,none,公办,184806
商丘师范学院,材料科学与工程,2,493,183188,2,486,180855,3,482,192772,none,none,公办,185605
内蒙古科技大学,材料类,none,none,none,19,485,184570,29,484,187189,none,none,公办,185880
周口师范学院,材料化学,2,495,179253,2,486,182915,4,480,195888,none,none,公办,186019
黑龙江工程学院,材料化学,2,495,179747,2,485,184650,2,481,194622,none,none,公办,186340
青海民族大学,材料物理,2,490,189289,2,485,183710,none,none,none,none,none,公办,186500
长春工程学院,宝石及材料工艺学,3,496,178946,3,480,194718,none,none,none,none,none,公办,186832
济宁学院,材料科学与工程,25,494,182075,30,485,185088,30,481,194698,none,none,公办,187287
宝鸡文理学院,材料化学,2,496,178224,none,none,none,4,480,197007,none,none,公办,187616
衡水学院,高分子材料与工程,2,493,184606,2,484,185825,2,481,193515,none,none,公办,187982
济宁学院,高分子材料与工程,40,493,183857,40,484,186610,70,480,196842,none,none,公办,189103
安阳工学院,新能源材料与器件,none,none,none,2,483,189324,none,none,none,none,none,公办,189324
黑龙江工业学院,材料科学与工程,2,494,183082,2,483,189005,2,480,196033,none,none,公办,189373
枣庄学院,材料科学与工程,35,492,186194,25,483,188238,25,480,196542,none,none,公办,190325
宝鸡文理学院,材料物理,none,none,none,2,482,191029,none,none,none,none,none,公办,191029
榆林学院,材料科学与工程,3,490,190647,3,482,191456,none,none,none,none,none,公办,191052
宁德师范学院,材料化学,5,491,187427,5,481,192557,5,481,193212,none,none,公办,191065
南阳理工学院,新能源材料与器件,none,none,none,none,none,none,4,482,191083,none,none,公办,191083
韩山师范学院,材料科学与工程,2,489,191439,none,none,none,none,none,none,none,none,公办,191439
新余学院,新能源材料与器件,3,491,189157,2,483,188578,2,480,197581,none,none,公办,191772
河南城建学院,高分子材料与工程,4,491,187779,4,483,189371,4,479,200207,none,none,公办,192452
营口理工学院,材料科学与工程,2,491,188352,2,482,190911,2,478,200646,none,none,公办,193303
新余学院,材料科学与工程,3,491,188946,2,482,190926,2,478,200779,none,none,公办,193550
淮阴工学院,金属材料工程,none,none,none,none,none,none,2,481,193611,none,none,公办,193611
许昌学院,纳米材料与技术,8,491,188762,8,482,191784,8,478,201606,none,none,公办,194051
宜春学院,材料物理,3,485,201168,2,481,193153,1,483,188684,none,none,公办,194335
桂林航天工业学院,材料成型及控制工程,3,490,190079,3,481,192531,2,478,202218,none,none,公办,194943
吕梁学院,材料化学,5,490,190066,5,481,192344,5,477,204083,none,none,公办,195498
平顶山学院,材料科学与工程,5,490,190603,10,481,193002,5,477,203360,none,none,公办,195655
安徽科技学院,无机非金属材料工程,1,509,151142,4,462,237936,4,478,200821,none,none,公办,196633
韩山师范学院,无机非金属材料工程,none,none,none,2,479,197849,1,480,197188,none,none,公办,197519
青岛科技大学,材料成型及控制工程(中外合作办学)(中韩合作办学),48,487,196604,56,480,196269,60,478,202398,省重点,none,公办,198424
运城学院,材料化学,none,none,none,15,479,198622,none,none,none,none,none,公办,198622
太原学院,新能源材料与器件,none,none,none,4,478,199315,none,none,none,none,none,公办,199315
河南工程学院,非织造材料与工程,5,487,196217,6,481,194305,7,476,207597,none,none,公办,199373
新余学院,材料成型及控制工程,3,486,197828,1,478,200476,1,477,203384,none,none,公办,200563
伊犁师范大学,材料化学,5,485,201470,5,480,195201,6,476,206235,none,none,公办,200969
太原工业学院,材料类,none,none,none,11,483,188302,12,473,213890,none,none,公办,201096
运城学院,材料科学与工程,none,none,none,10,478,199435,10,477,203540,none,none,公办,201488
北京科技大学天津学院,材料科学与工程,2,486,198188,2,481,194167,2,473,214187,none,none,民办,202181
营口理工学院,无机非金属材料工程,2,486,197798,2,477,202045,2,476,207056,none,none,公办,202300
贵州理工学院,材料类,none,none,none,6,477,201725,4,477,204029,none,none,公办,202877
烟台大学,材料科学与工程(中外合作办学),95,485,200735,90,479,197604,100,474,210447,省重点,none,公办,202929
赣南科技学院,材料成型及控制工程,none,none,none,2,477,203548,none,none,none,none,none,公办,203548
长春大学,材料科学与工程(中外合作办学),none,none,none,5,478,200013,4,475,207759,none,none,公办,203886
河南工学院,材料成型及控制工程,10,485,199468,10,477,202120,10,473,212771,none,none,公办,204786
山西工学院,新能源材料与器件,none,none,none,none,none,none,3,475,208313,none,none,公办,208313
烟台南山学院,复合材料与工程,9,484,202445,18,478,201449,23,470,221403,none,none,民办,208432
池州学院,材料化学,none,none,none,none,none,none,3,475,208476,none,none,公办,208476
山西工程技术学院,材料成型及控制工程,none,none,none,none,none,none,1,475,208523,none,none,公办,208523
沈阳理工大学,金属材料工程(中外合作办学),none,none,none,none,none,none,2,475,209263,省重点,none,公办,209263
山西工学院,材料成型及控制工程,none,none,none,6,474,209401,2,474,211583,none,none,公办,210492
山西工学院,无机非金属材料工程,none,none,none,none,none,none,3,474,210632,none,none,公办,210632
合肥城市学院,城市建设学院无机非金属材料工程,2,480,210728,none,none,none,none,none,none,none,none,民办,210728
四川文化艺术学院,宝石及材料工艺学,2,478,214758,2,473,210956,1,476,206781,none,none,民办,210832
中北大学,金属材料工程,none,none,none,none,none,none,6,474,211061,省重点,none,公办,211061
山东石油化工学院,材料成型及控制工程,none,none,none,none,none,none,35,474,211250,none,none,公办,211250
常州大学怀德学院,高分子材料与工程,3,479,213312,3,476,204335,3,471,219688,none,none,民办,212445
兰州工业学院,材料成型及控制工程,none,none,none,none,none,none,2,473,212654,none,none,公办,212654
山西科技学院,材料成型及控制工程,none,none,none,none,none,none,1,473,213301,none,none,公办,213301
百色学院,材料成型及控制工程,none,none,none,2,472,213445,2,473,213736,none,none,公办,213591
池州学院,高分子材料与工程,none,none,none,none,none,none,3,473,213716,none,none,公办,213716
塔里木大学,材料科学与工程,none,none,none,none,none,none,8,472,215787,省重点,none,公办,215787
新疆工程学院,材料科学与工程,5,479,212917,7,472,213790,7,470,221682,none,none,公办,216130
新疆工程学院,材料成型及控制工程,6,477,217238,3,473,212092,5,470,220975,none,none,公办,216768
山西工学院,粉体材料科学与工程,none,none,none,none,none,none,2,472,216855,none,none,公办,216855
南昌航空大学科技学院,材料成型及控制工程,none,none,none,1,475,207549,4,466,231727,none,none,民办,219638
黑河学院,材料科学与工程,none,none,none,none,none,none,4,470,220347,none,none,公办,220347
河北科技大学,金属材料工程(中外合作办学),none,none,none,none,none,none,10,470,221174,省重点,none,公办,221174
昌吉学院,材料物理,56,473,224598,20,471,216531,20,469,223478,none,none,公办,221536
厦门工学院,材料科学与工程,none,none,none,3,472,214887,3,467,228230,none,none,民办,221559
东南大学成贤学院,功能材料,2,476,219572,3,471,216814,3,467,229169,none,none,民办,221852
河北工程大学科信学院,材料成型及控制工程,2,473,224563,2,470,218222,2,468,224960,none,none,民办,222582
江苏大学京江学院,材料成型及控制工程,4,475,221382,4,469,220328,4,467,227929,none,none,民办,223213
兰州资源环境职业技术大学,储能材料工程技术,none,none,none,none,none,none,5,469,223316,none,none,公办,223316
郑州航空工业管理学院,材料成型及控制工程(中外合作办学),none,none,none,none,none,none,3,469,224056,none,none,公办,224056
青岛科技大学,复合材料与工程(中外合作办学)(中德合作办学、就读地点中德生态园区),220,472,227538,220,470,218353,220,467,227436,省重点,none,公办,224442
重庆文理学院,材料成型及控制工程(中外合作办学),none,none,none,none,none,none,3,468,225731,none,none,公办,225731
石家庄铁道大学四方学院,无机非金属材料工程,3,470,231482,3,469,221008,3,468,225260,none,none,民办,225917
烟台南山学院,材料成型及控制工程,10,474,222428,20,469,220319,20,464,236658,none,none,民办,226468
南昌航空大学科技学院,金属材料工程,none,none,none,1,467,225243,4,466,230101,none,none,民办,227672
宁夏理工学院,材料成型及控制工程(新材料智能制造),1,473,224052,2,468,223615,2,464,236301,none,none,民办,227989
潍坊科技学院,高分子材料与工程,22,473,225656,20,468,222972,30,463,237545,none,none,民办,228724
烟台南山学院,金属材料工程,9,472,226393,19,468,222918,25,461,242567,none,none,民办,230626
烟台南山学院,高分子材料与工程,none,none,none,19,467,225150,22,463,238189,none,none,民办,231670
烟台南山学院,材料成型及控制工程(校企合作，与山东南山铝业股份有限公司合作),none,none,none,22,467,224708,25,462,241208,none,none,民办,232958
烟台南山学院,金属材料工程(校企合作，与山东南山铝业股份有限公司合作),none,none,none,18,467,224790,25,462,241679,none,none,民办,233235
潍坊科技学院,材料成型及控制工程,37,468,234763,37,466,227486,35,463,239134,none,none,民办,233794
燕山大学,金属材料工程,none,none,none,none,none,none,4,456,256382,全国重点,none,公办,256382
青岛滨海学院,金属材料工程,22,459,251850,68,458,245517,71,449,271807,none,none,民办,256391
南昌工学院,材料成型及控制工程,none,none,none,none,none,none,2,455,258274,none,none,民办,258274
山东华宇工学院,材料成型及控制工程,35,457,256146,90,456,249369,45,450,269812,none,none,民办,258442
江西应用科技学院,宝石及材料工艺学,none,none,none,none,none,none,2,453,261982,none,none,民办,261982
